0 0.549769 0.531893 0.290895 0.516461
0 0.701003 0.171811 0.181327 0.228395
0 0.813272 0.171811 0.095679 0.156379
0 0.904707 0.163066 0.142747 0.202675
0 0.861111 0.270576 0.128086 0.119342
0 0.910108 0.375000 0.118056 0.091564
0 0.957176 0.416667 0.065586 0.119342
0 0.953318 0.286008 0.059414 0.166667
0 0.876543 0.187757 0.084877 0.070988
0 0.749228 0.074588 0.106481 0.149177
0 0.839892 0.043210 0.104167 0.086420
0 0.945216 0.130658 0.109568 0.195473
0 0.923225 0.051440 0.094907 0.102881
0 0.813272 0.069959 0.083333 0.086420