0 0.534722 0.569444 0.429012 0.301440
0 0.720293 0.156379 0.168981 0.240741
0 0.826389 0.166667 0.084877 0.174897
0 0.756559 0.080247 0.105710 0.158436
0 0.870370 0.274691 0.151235 0.115226
0 0.917824 0.190844 0.153549 0.083333
0 0.912037 0.341049 0.087963 0.130658
0 0.953318 0.354938 0.062500 0.168724
0 0.959877 0.101852 0.060185 0.125514
0 0.911651 0.092078 0.056327 0.103909
0 0.973765 0.188272 0.046296 0.072016
0 0.978781 0.264403 0.042438 0.100823
0 0.830247 0.075617 0.066358 0.089506
0 0.887731 0.123971 0.070216 0.095679