0 0.544367 0.522119 0.340278 0.603909
0 0.739198 0.141975 0.172840 0.222222
0 0.839120 0.152778 0.087191 0.243827
0 0.754244 0.092078 0.135031 0.184156
0 0.915123 0.207819 0.098765 0.078189
0 0.918981 0.323560 0.081790 0.132716
0 0.952932 0.383745 0.072531 0.117284
0 0.980324 0.256173 0.039352 0.080247
0 0.959877 0.118827 0.066358 0.101852
0 0.911651 0.093621 0.062500 0.111111
0 0.882330 0.102881 0.043981 0.104938
0 0.818287 0.064300 0.043981 0.083333
0 0.954090 0.177469 0.071759 0.108025
0 0.908565 0.030864 0.091821 0.061728