0 0.527392 0.541152 0.394290 0.329218
0 0.697917 0.173354 0.176698 0.229424
0 0.703704 0.085905 0.131173 0.171811
0 0.822531 0.165123 0.118827 0.182099
0 0.912423 0.172840 0.131944 0.203704
0 0.875000 0.279835 0.143519 0.127572
0 0.915895 0.375514 0.148148 0.084362
0 0.963735 0.417695 0.070988 0.144033
0 0.876157 0.190329 0.084105 0.084362
0 0.953704 0.160494 0.086420 0.146091
0 0.852238 0.041667 0.101080 0.083333
0 0.923611 0.062243 0.121914 0.124486
0 0.804784 0.050926 0.069444 0.101852
0 0.972608 0.136317 0.054784 0.073045