0 0.466435 0.408436 0.363426 0.477366
0 0.707948 0.167181 0.189043 0.247942
0 0.819830 0.169239 0.101080 0.192387
0 0.751929 0.078189 0.110340 0.154321
0 0.888503 0.183642 0.102623 0.079218
0 0.867670 0.266975 0.136574 0.118313
0 0.949460 0.382202 0.076389 0.122428
0 0.918210 0.335391 0.087963 0.135802
0 0.942515 0.221708 0.060957 0.114198
0 0.955247 0.130658 0.074074 0.131687
0 0.913966 0.100823 0.070216 0.111111
0 0.850309 0.100823 0.123457 0.088477
0 0.851852 0.060185 0.075617 0.075103
0 0.782407 0.018519 0.046296 0.037037
0 0.909336 0.024691 0.093364 0.047325