0 0.477238 0.514403 0.494599 0.349794
0 0.735725 0.139403 0.168981 0.217078
0 0.838349 0.174897 0.090278 0.207819
0 0.758873 0.083333 0.124228 0.166667
0 0.831404 0.094650 0.059414 0.123457
0 0.918210 0.208848 0.128086 0.076132
0 0.920910 0.328189 0.079475 0.139918
0 0.948302 0.382202 0.069444 0.112140
0 0.964506 0.125514 0.070988 0.102881
0 0.916667 0.104938 0.069444 0.131687
0 0.871914 0.083848 0.060185 0.124486
0 0.953318 0.176955 0.079475 0.088477
0 0.979938 0.272634 0.040123 0.113169
0 0.903164 0.023148 0.067130 0.046296
0 0.784722 0.015947 0.037037 0.031893