0 0.502315 0.528292 0.222222 0.573045
0 0.698302 0.172325 0.171296 0.231481
0 0.812114 0.176440 0.102623 0.153292
0 0.908179 0.148148 0.141975 0.172840
0 0.885417 0.265432 0.173611 0.117284
0 0.908951 0.324588 0.103395 0.095679
0 0.950617 0.373457 0.080247 0.109053
0 0.871528 0.188786 0.087191 0.075103
0 0.748071 0.074588 0.104167 0.149177
0 0.861883 0.051440 0.123457 0.102881
0 0.929784 0.048354 0.074074 0.096708
0 0.959491 0.130658 0.081019 0.185185
0 0.788194 0.024177 0.060957 0.048354
0 0.817130 0.065844 0.057099 0.074074