0 0.494213 0.578189 0.443673 0.193416
0 0.701003 0.173868 0.179784 0.232510
0 0.746528 0.074074 0.099537 0.148148
0 0.882330 0.270576 0.185957 0.113169
0 0.910108 0.329733 0.102623 0.099794
0 0.949074 0.371914 0.078704 0.112140
0 0.876157 0.184156 0.085648 0.076132
0 0.819059 0.157407 0.108796 0.189300
0 0.903549 0.140947 0.158951 0.168724
0 0.949074 0.125514 0.101852 0.179012
0 0.859568 0.055041 0.138889 0.110082
0 0.785494 0.025206 0.054012 0.050412
0 0.815201 0.064815 0.060957 0.086420
0 0.903164 0.022119 0.068673 0.044239