0 0.491898 0.589506 0.261574 0.648148
0 0.737269 0.145576 0.175154 0.221193
0 0.836806 0.157407 0.081019 0.240741
0 0.757716 0.090535 0.117284 0.181070
0 0.912423 0.207305 0.110340 0.077160
0 0.918596 0.329218 0.070216 0.139918
0 0.949074 0.382202 0.066358 0.110082
0 0.979938 0.270576 0.040123 0.121399
0 0.959491 0.111626 0.071759 0.118313
0 0.926312 0.134259 0.081019 0.190329
0 0.883873 0.097222 0.064043 0.149177
0 0.812886 0.085905 0.040895 0.105967
0 0.917052 0.030864 0.068673 0.061728
0 0.857253 0.029321 0.072531 0.058642
0 0.779321 0.017490 0.050926 0.034979