0 0.521991 0.582305 0.278549 0.543210
0 0.697531 0.171296 0.183642 0.233539
0 0.747299 0.076132 0.114969 0.152263
0 0.812500 0.153807 0.109568 0.200617
0 0.902778 0.137860 0.149691 0.174897
0 0.868441 0.057613 0.111883 0.115226
0 0.924769 0.048868 0.087191 0.097737
0 0.953704 0.134259 0.091049 0.186214
0 0.875772 0.192387 0.094136 0.080247
0 0.884259 0.266461 0.169753 0.121399
0 0.915509 0.331276 0.104167 0.109053
0 0.952932 0.381173 0.091049 0.083333
0 0.785494 0.014918 0.032407 0.029835
0 0.818673 0.062757 0.060185 0.088477