0 0.533179 0.542181 0.375000 0.438272
0 0.719907 0.155864 0.168210 0.229424
0 0.824460 0.167181 0.084105 0.169753
0 0.755787 0.076646 0.110340 0.153292
0 0.829475 0.068930 0.067901 0.111111
0 0.901620 0.202160 0.133488 0.075103
0 0.871142 0.278292 0.149691 0.108025
0 0.918596 0.341049 0.077932 0.138889
0 0.951003 0.377058 0.057870 0.126543
0 0.978009 0.257716 0.043981 0.128601
0 0.956019 0.134774 0.087963 0.146091
0 0.914738 0.089506 0.062500 0.100823
0 0.886574 0.105453 0.081790 0.134774
0 0.904707 0.042181 0.142747 0.084362