0 0.533951 0.490226 0.342593 0.478395
0 0.702546 0.172840 0.179784 0.226337
0 0.815972 0.164095 0.113426 0.186214
0 0.908951 0.173354 0.134259 0.206790
0 0.749228 0.074588 0.097222 0.149177
0 0.858410 0.059156 0.118056 0.118313
0 0.926698 0.066872 0.115741 0.133745
0 0.949460 0.139403 0.096451 0.184156
0 0.861883 0.282407 0.123457 0.130658
0 0.869213 0.192387 0.081019 0.074074
0 0.925540 0.369856 0.147377 0.083333
0 0.962963 0.426955 0.070988 0.141975
0 0.952160 0.299897 0.055556 0.126543
0 0.808642 0.048868 0.074074 0.097737