0 0.527006 0.487140 0.354938 0.476337
0 0.701003 0.171811 0.173611 0.228395
0 0.807099 0.173868 0.094136 0.154321
0 0.907022 0.172325 0.138117 0.200617
0 0.862654 0.279321 0.123457 0.130658
0 0.914352 0.365226 0.123457 0.092593
0 0.952932 0.405350 0.074074 0.117284
0 0.953704 0.133230 0.089506 0.182099
0 0.844522 0.043724 0.094907 0.087449
0 0.745756 0.074074 0.104167 0.148148
0 0.874228 0.186214 0.067901 0.090535
0 0.803627 0.063786 0.071759 0.121399
0 0.902778 0.064300 0.050926 0.062757
0 0.954475 0.283436 0.050926 0.126543