0 0.513117 0.594650 0.384259 0.421811
0 0.699846 0.172325 0.174383 0.233539
0 0.746528 0.074588 0.113426 0.149177
0 0.811343 0.166667 0.101080 0.179012
0 0.905864 0.168724 0.141975 0.203704
0 0.863426 0.280864 0.121914 0.131687
0 0.922454 0.365741 0.135031 0.087449
0 0.953704 0.410494 0.063272 0.102881
0 0.868056 0.191872 0.077160 0.081276
0 0.934028 0.296811 0.105710 0.114198
0 0.952932 0.138889 0.094136 0.179012
0 0.860340 0.050412 0.112654 0.100823
0 0.914738 0.061214 0.091821 0.122428
0 0.801312 0.054012 0.081019 0.108025