0 0.581790 0.555556 0.382716 0.432099
0 0.950231 0.384259 0.088735 0.077160
0 0.911651 0.327675 0.104167 0.110082
0 0.885031 0.266461 0.174383 0.117284
0 0.877315 0.188786 0.084877 0.087449
0 0.814429 0.162037 0.099537 0.173868
0 0.698302 0.171811 0.177469 0.230453
0 0.746528 0.074074 0.105710 0.146091
0 0.909722 0.140947 0.132716 0.179012
0 0.945602 0.129630 0.107253 0.199588
0 0.858025 0.043210 0.087963 0.086420
0 0.915509 0.048868 0.099537 0.097737
0 0.817901 0.080247 0.058642 0.094650
0 0.787037 0.028807 0.064815 0.055556