0 0.535880 0.525206 0.451389 0.190329
0 0.700231 0.169753 0.175154 0.234568
0 0.812886 0.161523 0.093364 0.189300
0 0.878858 0.203189 0.078704 0.056584
0 0.871142 0.267490 0.146605 0.115226
0 0.904321 0.329733 0.112654 0.110082
0 0.947917 0.381687 0.085648 0.084362
0 0.911651 0.153292 0.136574 0.158436
0 0.956019 0.153292 0.083333 0.135802
0 0.744985 0.077160 0.110340 0.154321
0 0.809414 0.080247 0.074074 0.106996
0 0.863812 0.059156 0.133488 0.118313
0 0.918210 0.055041 0.103395 0.110082
0 0.788966 0.028292 0.045525 0.054527