0 0.589506 0.532922 0.246914 0.543210
0 0.697145 0.171296 0.175154 0.229424
0 0.811728 0.160494 0.112654 0.183128
0 0.905093 0.175412 0.135802 0.190329
0 0.870370 0.277778 0.135802 0.129630
0 0.912037 0.362140 0.117284 0.084362
0 0.956790 0.401749 0.064815 0.116255
0 0.748843 0.074074 0.104167 0.148148
0 0.949846 0.129630 0.097222 0.197531
0 0.870370 0.060185 0.121914 0.120370
0 0.821759 0.073045 0.074074 0.096708
0 0.873071 0.184671 0.091821 0.073045
0 0.907793 0.041152 0.067130 0.082305
0 0.787809 0.024177 0.052469 0.048354