0 0.528164 0.463992 0.272377 0.549383
0 0.699460 0.171296 0.178241 0.231481
0 0.811343 0.174383 0.097994 0.159465
0 0.907407 0.143519 0.152778 0.167695
0 0.869213 0.266461 0.141204 0.117284
0 0.912037 0.324074 0.100309 0.104938
0 0.950617 0.386317 0.095679 0.083333
0 0.871142 0.189300 0.095679 0.084362
0 0.740355 0.074588 0.116512 0.149177
0 0.829475 0.066358 0.087963 0.073045
0 0.857639 0.046811 0.094907 0.093621
0 0.949846 0.129115 0.098765 0.194444
0 0.901620 0.022634 0.068673 0.045267
0 0.782793 0.025206 0.056327 0.050412