0 0.567901 0.522634 0.350309 0.456790
0 0.697917 0.174897 0.178241 0.230453
0 0.814043 0.166667 0.112654 0.168724
0 0.901620 0.163066 0.136574 0.215021
0 0.748071 0.074588 0.101080 0.149177
0 0.864969 0.268519 0.129630 0.109053
0 0.918981 0.384774 0.103395 0.094650
0 0.959491 0.425926 0.067130 0.121399
0 0.877315 0.189300 0.081790 0.076132
0 0.943673 0.291152 0.077160 0.119342
0 0.949074 0.135802 0.101852 0.199588
0 0.851466 0.041152 0.087191 0.082305
0 0.785880 0.024177 0.045525 0.046296
0 0.905093 0.023148 0.063272 0.046296
0 0.810185 0.076646 0.069444 0.093621