1 0.491127 0.452160 0.392747 0.408436
1 0.699460 0.171811 0.178241 0.228395
1 0.741127 0.075103 0.113426 0.150206
1 0.813657 0.161008 0.097994 0.180041
1 0.905093 0.144547 0.141975 0.171811
1 0.868056 0.261831 0.143519 0.114198
1 0.874614 0.188786 0.085648 0.068930
1 0.916281 0.322531 0.097994 0.085391
1 0.948688 0.372428 0.076389 0.106996
1 0.946373 0.126029 0.107253 0.196502
1 0.859954 0.047840 0.114969 0.095679
1 0.817515 0.077160 0.053241 0.096708
1 0.787423 0.024691 0.053241 0.049383
1 0.904707 0.021605 0.067130 0.043210