1 0.697531 0.172840 0.175926 0.230453
1 0.809028 0.172325 0.094907 0.157407
1 0.906636 0.170782 0.137346 0.203704
1 0.746142 0.074588 0.106481 0.149177
1 0.788966 0.025206 0.039352 0.050412
1 0.853781 0.048868 0.105710 0.097737
1 0.923997 0.058642 0.118056 0.117284
1 0.956019 0.162037 0.083333 0.132716
1 0.873457 0.189300 0.081790 0.080247
1 0.869985 0.277778 0.135031 0.135802
1 0.914738 0.362654 0.131944 0.083333
1 0.961420 0.403807 0.077160 0.116255
1 0.963349 0.286523 0.071759 0.120370
1 0.811728 0.073560 0.075617 0.081276