1 0.535108 0.561214 0.371142 0.426955
1 0.718750 0.156893 0.167438 0.229424
1 0.826003 0.176955 0.097994 0.185185
1 0.750386 0.078704 0.121142 0.157407
1 0.869985 0.274177 0.152006 0.120370
1 0.902778 0.199074 0.123457 0.079218
1 0.918981 0.344136 0.081790 0.143004
1 0.951003 0.376029 0.062500 0.130658
1 0.978395 0.273148 0.043210 0.134774
1 0.961806 0.133230 0.076389 0.165638
1 0.918210 0.100309 0.077160 0.120370
1 0.882330 0.113169 0.082562 0.137860
1 0.829861 0.071502 0.079475 0.101852
1 0.899306 0.031379 0.088735 0.062757