1 0.526620 0.564815 0.338735 0.481481
1 0.695602 0.171296 0.173611 0.235597
1 0.810185 0.168724 0.095679 0.164609
1 0.905093 0.171296 0.143519 0.208848
1 0.867670 0.281379 0.130401 0.128601
1 0.908951 0.368313 0.126543 0.088477
1 0.962191 0.426955 0.066358 0.137860
1 0.746142 0.074074 0.103395 0.148148
1 0.870756 0.185700 0.082562 0.093621
1 0.947917 0.297325 0.057870 0.117284
1 0.945602 0.139403 0.104167 0.184156
1 0.922840 0.059671 0.120370 0.119342
1 0.857639 0.043210 0.090278 0.086420
1 0.808256 0.055041 0.073302 0.110082