1 0.540123 0.542181 0.371914 0.442387
1 0.720679 0.157922 0.175926 0.227366
1 0.824460 0.155350 0.093364 0.191358
1 0.751543 0.079733 0.112654 0.159465
1 0.870756 0.272634 0.148920 0.113169
1 0.914352 0.197531 0.146605 0.074074
1 0.919367 0.341564 0.088735 0.135802
1 0.949074 0.378601 0.067901 0.127572
1 0.981096 0.269547 0.037809 0.109053
1 0.922068 0.108025 0.078704 0.139918
1 0.959105 0.130144 0.074074 0.165638
1 0.880015 0.090021 0.090278 0.180041
1 0.829475 0.062243 0.066358 0.105967
1 0.913966 0.040638 0.093364 0.081276