1 0.526620 0.543724 0.397377 0.328189
1 0.697917 0.173354 0.173611 0.231481
1 0.718364 0.099794 0.109568 0.144033
1 0.815201 0.163580 0.107253 0.179012
1 0.905478 0.168210 0.139660 0.202675
1 0.868441 0.279835 0.136574 0.131687
1 0.916281 0.376029 0.138117 0.093621
1 0.963349 0.420782 0.073302 0.148148
1 0.871914 0.198045 0.080247 0.085391
1 0.948302 0.152778 0.103395 0.198560
1 0.930170 0.067387 0.133488 0.134774
1 0.854938 0.050926 0.111111 0.101852
1 0.807099 0.052469 0.074074 0.080247
1 0.661265 0.018519 0.047840 0.037037