1 0.530864 0.542695 0.376543 0.437243
1 0.723765 0.157407 0.179012 0.232510
1 0.828318 0.166152 0.104167 0.175926
1 0.755015 0.077675 0.113426 0.155350
1 0.871142 0.274177 0.146605 0.114198
1 0.910494 0.201646 0.138889 0.074074
1 0.922454 0.341564 0.079475 0.141975
1 0.951003 0.378086 0.059414 0.128601
1 0.978009 0.262860 0.043981 0.143004
1 0.961034 0.122428 0.073302 0.113169
1 0.924383 0.118827 0.084877 0.153292
1 0.884259 0.095679 0.066358 0.144033
1 0.827160 0.070473 0.069444 0.091564
1 0.911265 0.032407 0.121914 0.064815