1 0.527778 0.531893 0.391975 0.403292
1 0.697917 0.174383 0.178241 0.231481
1 0.738812 0.076646 0.116512 0.153292
1 0.811728 0.175926 0.103395 0.158436
1 0.902778 0.173354 0.145062 0.212963
1 0.869599 0.279321 0.140432 0.132716
1 0.872299 0.188272 0.082562 0.090535
1 0.915509 0.375514 0.130401 0.092593
1 0.963349 0.418210 0.073302 0.151235
1 0.945988 0.303498 0.067901 0.129630
1 0.955633 0.167695 0.088735 0.152263
1 0.925926 0.067387 0.120370 0.134774
1 0.863040 0.060700 0.128858 0.121399
1 0.805556 0.044753 0.081790 0.089506