1 0.501929 0.510288 0.315586 0.504115
1 0.697145 0.175926 0.175154 0.230453
1 0.807870 0.166667 0.098765 0.172840
1 0.903935 0.171296 0.148920 0.208848
1 0.743827 0.075617 0.109568 0.151235
1 0.863040 0.263374 0.118056 0.109053
1 0.879244 0.298868 0.130401 0.101852
1 0.909336 0.364198 0.118056 0.080247
1 0.964892 0.422325 0.070216 0.163580
1 0.956790 0.159979 0.086420 0.159465
1 0.921682 0.061214 0.119599 0.122428
1 0.866127 0.070473 0.124228 0.140947
1 0.804012 0.057099 0.077160 0.114198
1 0.868056 0.185185 0.075617 0.076132