1 0.562500 0.518519 0.410494 0.347737
1 0.721836 0.156893 0.176698 0.231481
1 0.825617 0.171296 0.091049 0.184156
1 0.749228 0.079218 0.120370 0.158436
1 0.870756 0.272119 0.145833 0.116255
1 0.912037 0.195473 0.138889 0.082305
1 0.947917 0.375000 0.065586 0.132716
1 0.920910 0.338477 0.076389 0.139918
1 0.981481 0.266975 0.037037 0.157407
1 0.940201 0.124486 0.110340 0.174897
1 0.883873 0.122942 0.070216 0.099794
1 0.827546 0.068416 0.070216 0.081276
1 0.954861 0.087963 0.087191 0.140947
1 0.894676 0.030350 0.094907 0.060700