1 0.528164 0.465021 0.270833 0.549383
1 0.702932 0.173354 0.179012 0.231481
1 0.741127 0.074588 0.111883 0.149177
1 0.822145 0.158951 0.105710 0.186214
1 0.912037 0.151749 0.129630 0.155350
1 0.952932 0.132202 0.092593 0.188272
1 0.875386 0.189300 0.090278 0.069959
1 0.868441 0.266461 0.139660 0.117284
1 0.910880 0.330247 0.099537 0.109053
1 0.947531 0.382202 0.087963 0.075103
1 0.860340 0.051440 0.114198 0.102881
1 0.907022 0.024691 0.068673 0.049383
1 0.786265 0.023148 0.061728 0.046296
1 0.817515 0.069959 0.057870 0.082305